﻿datetime,p2,,,
44561.49553,0.341472646,,,
44562.00595,0,,,0.510414502
44562.03975,0,,,0.033799745
44562.04034,7.547264751,,,
44562.04091,1.916648031,,,0.000579745
44562.04614,0.785322494,,,0.005220671
44562.04671,0.864124928,,,0.000578426
44562.04729,0.956818384,,,0.000578241
44562.04787,0.857954549,,,0.000578588
44562.04845,0.789396452,,,0.000579826